0.0003 7.1e-05 8.425850639549694e-06
0.0012 0.014904 0.00012116876983777627
0.0036 0.48397 0.0004997429730371404
0.0016 0.043814 0.00020468105287006904
0.0022 0.133975 0.0003406254532107077
0.0009 0.004788 6.902952307527555e-05
0.0042 0.627577 0.0004834502136425218
0.0001 0.0 0.0
0.0032 0.375969 0.00048437207912822557
0.0006 0.001044 3.229411810221793e-05
0.0009 0.004797 6.909405756647962e-05
0.0005 0.000537 2.316703759655084e-05
0.0048 0.747308 0.0004345558113016095
0.0007 0.001781 4.216429815614153e-05
0.0034 0.43389 0.0004956101975343122
0.0016 0.044061 0.0002052306709022801
0.0018 0.068088 0.0002518968524138402
0.0014 0.02701 0.00016211249149895884
0.0001 0.0 0.0
0.0026 0.221081 0.0004149749286872642
0.0012 0.014699 0.00012034508464827302
0.0006 0.001078 3.2815208608204824e-05
0.0024 0.170795 0.00037632973304669936
0.0003 6.4e-05 7.99974399590387e-06
0.0038 0.546471 0.0004978357622338917
0.0042 0.627271 0.0004835308599862061
0.0046 0.704435 0.0004562963190460778
0.0024 0.170676 0.0003762256012341531
0.0028 0.273733 0.0004458735748068055
0.0046 0.703641 0.00045665122699824206
0.0048 0.747167 0.00043463602486563393
0.0022 0.134183 0.0003408488264773696
0.0036 0.482729 0.0004997016235304824
0.0034 0.435193 0.0004957822634493896
0.0028 0.274556 0.00044629026749863144
0.0014 0.027192 0.0001626425379044486
0.0032 0.376115 0.0004844094412529549
0.0007 0.001712 4.134088842780232e-05
0.0038 0.545997 0.0004978797806609543
0.0018 0.06775 0.0002513164091339839
0.0026 0.221676 0.00041537423009137194
0.0044 0.679883 0.0004665212817342849
0.0002 1.4e-05 3.7416311950805626e-06
0.0008 0.003106 5.5644880842715436e-05
0.0008 0.003153 5.6062987710253186e-05
0.0044 0.679658 0.0004666079757526654
0.001 0.007016 0.00008103294586495383
0.0011 0.010919 0.00010392196802890138
0.0035 0.45359 0.0004978414525730055
0.0016 0.042577 0.00020190145881345185
0.0003 7.3e-05 8.543691883489245e-06
0.0053 0.806807 0.00039480307084798616
0.0001 1e-06 9.999994999998751e-07
0.0013 0.01993 0.00013975977640222527
0.0018 0.067384 0.00025068585230124174
0.0027 0.242823 0.0004287889815177158
0.0025 0.193904 0.00039535457349574194
0.0014 0.02679 0.00016146917941204755
0.0044 0.674006 0.0004687450394020186
0.0026 0.215291 0.00041102406902637713
0.0042 0.63318 0.00048193680872081143
0.0019 0.081067 0.000272937981070792
0.0005 0.000599 2.4467145297316562e-05
0.0036 0.501848 0.000499996584884337
0.0048 0.749096 0.0004335333698621134
0.0038 0.53966 0.0004984246025227888
0.0021 0.11229 0.00031572291000179256
0.0017 0.053615 0.0002252563689998576
0.0056 0.832137 0.00037374458287846795
0.0046 0.70609 0.0004555512176473684
0.0032 0.38833 0.0004873703018239827
0.0057 0.833941 0.0003721335896139987
0.0028 0.272522 0.0004452569589753764
0.0033 0.402963 0.0004904934460632477
0.0043 0.657673 0.0004744883824404977
0.0022 0.132067 0.00033856359448558555
0.0054 0.815242 0.0003881011226935578
0.0009 0.004788 6.902952307527555e-05
0.0045 0.688182 0.0004632359386705656
0.0031 0.348105 0.00047636950886365513
0.0058 0.846755 0.00036022350003157757
0.0059 0.856489 0.000350593201415829
0.0037 0.510197 0.0004998960103771583
0.0006 0.001086 3.293661494446568e-05
0.0012 0.014478 0.00011945035586384831
0.0055 0.828755 0.0003767229087472648
0.0041 0.613718 0.00048689651516107613
0.0024 0.176196 0.00038098683649701075
0.0039 0.563781 0.0004959152992588553
0.0049 0.762797 0.000425367766516223
0.0007 0.001842 4.28789812845408e-05
0.0029 0.289974 0.0004537500185388426
0.0004 0.000229 1.5131013151801831e-05
0.0023 0.15609 0.00036294064514738497
0.0052 0.796121 0.00040288007317190565
0.0047 0.717047 0.0004504337906851572
0.0034 0.445438 0.0004970140723923217
0.0015 0.034215 0.0001817810049895203
0.0008 0.003174 5.6248784200194054e-05
0.0051 0.794505 0.0004040628725520324