0.0005 0.0 0.0
0.0014 0.0002243 0.04730720018106322
0.0008 5e-06 0.0070708945684085905
0.0006 0.0 0.0
0.0009 8.6e-06 0.009273224357939905
0.001 3.22e-05 0.01794147814135274
0.002 0.001889 0.13613664618017604
0.0016 0.0004785 0.06900803241006466
0.0015 0.0003742 0.061057359621925704
0.0011 5.73e-05 0.023930571319386487
0.0007 2.8e-06 0.005291431186290145
0.0019 0.0013663 0.11608762168007367
0.0017 0.0006704 0.08160308231349502
0.0013 0.0001335 0.036513273041718794
0.0012 5.2e-05 0.022797590217611147
0.0018 0.0009914 0.0990743277530684
0.0045 0.0793063 0.4051101605060555
0.0047 0.083459 0.37155035991056434
0.0046 0.0813771 0.38929155026395207
0.0048 0.0850091 0.3569823793346377
0.0049 0.0862978 0.3438707457215425
0.005 0.0874081 0.3317582184400494
0.0051 0.0887216 0.31632873629796815
0.0052 0.089308 0.30901166497109633
0.0053 0.0902241 0.2969886632874497
0.0056 0.0916076 0.27727394234734554
0.0054 0.0907983 0.2890500912661252
0.0055 0.0909774 0.28650541183257083
0.0057 0.0919793 0.271613532293424
0.0059 0.0924015 0.2649742440056203
0.0058 0.0925109 0.2632155151228882
0.006 0.092653 0.2609065487338851
