0.0007 0.003394 0.18107487177438286
0.0005 0.001247 0.11097076828837144
0.0013 0.0180796 0.38484926204028835
0.0011 0.0120714 0.3257947764256455
0.0009 0.0067196 0.2503612595126497
0.0015 0.0258616 0.4378743612932325
0.0012 0.0144938 0.3520384923372728
0.001 0.0089653 0.2856841283768161
0.0006 0.002082 0.1427814693388046
0.0008 0.0048171 0.21412753351589475
0.0014 0.0217135 0.4122954787073971
0.0017 0.0336007 0.47234152798321605
0.0019 0.0423969 0.4941857254702236
0.0018 0.0379243 0.4851989101069606
0.0016 0.0299368 0.45798145194211776
0.002 0.0461335 0.498503025347155
0.0026 0.0680803 0.46616573501437497
0.0025 0.0656421 0.4749028282624734
0.0027 0.072465 0.44669069503693154
0.0029 0.0771555 0.4198309876998817
0.003 0.0777311 0.4160514179494914
0.0028 0.0743429 0.43674078433495633
0.0031 0.0797716 0.40170305538960593
0.0036 0.0861557 0.34536452485403746
0.0032 0.0817261 0.3864525937610035
0.0033 0.0826786 0.3784323630651235
0.0035 0.0849748 0.357318435254136
0.0041 0.0893399 0.3086054471915912
0.0034 0.0833201 0.3727965029023644
0.0037 0.0868314 0.3381492447853637
0.0043 0.0901509 0.2979775355787944
0.0042 0.0896769 0.30426050222375767
0.004 0.0885421 0.3185133501279879
0.0039 0.0886876 0.31674447264484495
0.0044 0.0905964 0.2918789404827213
0.0038 0.0875378 0.33028997291390205
0.0045 0.0909666 0.28665981688728304
0.0046 0.0909884 0.2863480199672917
0.0047 0.0915577 0.27802128401767084
0.0048 0.091668 0.2763654355701052
0.0049 0.0921218 0.26939834641561755
0.0051 0.0921697 0.2686479338515604
0.005 0.091921 0.2725124770777482
0.0052 0.0923278 0.2661499681604444
0.0053 0.0927367 0.2595332631253934
0.0054 0.0925348 0.26282912314876367
0.0055 0.0928323 0.257952465021124
