0.0005 1.4e-06 0.003741633065897566
0.0012 0.0004416 0.06630613350590833
0.0013 0.0007504 0.08630004305733247
0.0006 2.03e-05 0.014246367746165837
0.0008 5.26e-05 0.02292866872986414
0.0007 2.75e-05 0.016580851905877762
0.001 0.0001393 0.037296929391853986
0.0014 0.0012224 0.10988442063634818
0.0011 0.0002172 0.04655410382860551
0.0015 0.0018408 0.13442158905906296
0.0009 6.77e-05 0.026010427669347292
0.0016 0.0026457 0.16049003990295757
0.002 0.0097213 0.2962477348330622
0.0018 0.0051 0.2199978372599339
0.0017 0.0036062 0.1864445411310476
0.0019 0.0070136 0.25537620625462887
0.0025 0.0297587 0.4571970980443624
0.0027 0.0420178 0.49358757272108456
0.0026 0.0367297 0.4820686114871473
0.0031 0.0638424 0.4804571022089557
0.003 0.0598908 0.49011982999410214
0.0028 0.0472765 0.4992579534003479
0.0029 0.0530308 0.4990808293429777
0.0032 0.0693763 0.4609296174982819
0.0035 0.0809253 0.39289023448507376
0.0034 0.0776489 0.4165981354171024
0.0033 0.0742603 0.4372001550033754
0.0036 0.0831554 0.37426205412262303
0.0041 0.0898243 0.30232863634396984
0.0038 0.0867459 0.3390781595635412
0.0037 0.0856877 0.35019841448802913
0.0039 0.0884259 0.31991424360931986
0.0044 0.0920286 0.2708500536528497
0.004 0.089058 0.31216559875707167
0.0042 0.0906582 0.2910174599008829
0.0043 0.0914259 0.27998135528738216
0.0045 0.0924031 0.2649486388656889
0.0046 0.0926704 0.2606218799482582
0.0047 0.0929041 0.25675647264068385
0.0048 0.0931236 0.25305251695957576
0.0049 0.0932557 0.25078776813374415
0.005 0.0934052 0.2481913030203172
0.0051 0.0934875 0.24674641893813834
0.0052 0.0936009 0.2447370258363287
0.0053 0.0936382 0.24407132081998006
0.0054 0.0936591 0.24369726733666522
0.0055 0.0937119 0.24274892124588057
