0.0009 0.0017222 0.1300977311155719
0.0008 0.001055 0.10216999529562454
0.001 0.0025201 0.15673523587545385
0.0005 0.0001548 0.039314186264060476
0.0007 0.000635 0.0794335181751621
0.0012 0.0051517 0.2210498757612127
0.0019 0.0260679 0.4390052980143311
0.0013 0.0072408 0.2591623983164775
0.0015 0.012132 0.3264989497709972
0.0006 0.0003954 0.06275643251786883
0.0016 0.014766 0.3547628084462212
0.0014 0.0095418 0.29379157848633375
0.0011 0.0036431 0.1873601274092685
0.0017 0.0185067 0.3883521035456823
0.0018 0.022188 0.4155110567114169
0.002 0.0310297 0.46261537566750394
0.0025 0.0547796 0.4977105485116726
0.0027 0.0630682 0.48262039720514066
0.0026 0.0586114 0.492528802801036
0.0028 0.0674593 0.46852695105885195
0.003 0.0746464 0.435035269788193
0.0031 0.0770407 0.42057131527391556
0.0032 0.0787776 0.4088827961765339
0.0029 0.0700734 0.45793675431228603
0.0033 0.0814116 0.38901322583594744
0.0035 0.0839391 0.36717010217729307
0.0037 0.0865113 0.34160300631524604
0.004 0.0889722 0.3132361103590402
0.0034 0.0839936 0.36666558380580305
0.0042 0.0905105 0.29306999994032973
0.0036 0.0856398 0.3506858830585979
0.0041 0.089665 0.30441562077014084
0.0043 0.0909144 0.2874043664686914
0.0038 0.0877811 0.3275041305662503
0.0039 0.0887758 0.31566411433647806
0.0044 0.0908655 0.2880992432759482
0.0045 0.0912725 0.2822377615294489
0.0046 0.0917419 0.27524798673279005
0.0047 0.092185 0.2684076182649246
0.0048 0.0923401 0.26595425157470953
0.0049 0.0926651 0.26070863462492405
0.005 0.0928423 0.2577863447213594
0.0051 0.0928232 0.258103507906074
0.0052 0.0929573 0.25586540043175654
0.0053 0.0932171 0.25145236126807397
0.0054 0.0931837 0.2520255323332716
0.0055 0.0933919 0.24842375722414953
