0.001 0.0005144 0.07153701406645639
0.0009 0.000291 0.05386589646088518
0.0005 1.43e-05 0.011957411675596608
0.0007 8.08e-05 0.02841386885568285
0.0013 0.002039 0.14133035015264014
0.0015 0.0038242 0.19178004644797178
0.0006 2.47e-05 0.015714300427929907
0.0016 0.005173 0.22148150296143498
0.0008 0.0001797 0.04235295249179901
0.002 0.0150697 0.3577534656415534
0.0017 0.0068062 0.2518523924556358
0.0014 0.0027764 0.16429603554921007
0.0019 0.0116423 0.32073164474337107
0.0012 0.0012661 0.11180658111091483
0.0011 0.0008349 0.09099067247966945
0.0018 0.0093912 0.29170639579656343
0.0025 0.0367113 0.48201792245960895
0.0031 0.0669704 0.4703198630557439
0.0028 0.0529461 0.4991315443961628
0.003 0.0612705 0.487132241052489
0.0029 0.0569173 0.4951922266012879
0.0026 0.0419951 0.49355080912850424
0.0033 0.0741035 0.43806657105663827
0.0027 0.0476425 0.49944415986120894
0.0032 0.0699318 0.4585548442100958
0.0035 0.0802724 0.39794263177289535
0.0034 0.077867 0.41514238935960684
0.0036 0.082802 0.37736324940701627
0.0037 0.0849026 0.3580237136070452
0.004 0.0889933 0.3129734069587278
0.0041 0.0898649 0.3017930845431451
0.0038 0.0857862 0.34919179671193723
0.0044 0.0916475 0.2766742686330823
0.0039 0.0873798 0.3320770474922429
0.0043 0.0910209 0.28588224507243903
0.0042 0.0903736 0.2949530967820634
0.0045 0.0921089 0.26959993835890766
0.0046 0.0923714 0.2654553007014866
0.0047 0.0925933 0.2618800261420258
0.0048 0.09269 0.2603007064079116
0.0049 0.0930735 0.2539043604242043
0.005 0.0932572 0.25076189442881414
0.0051 0.093268 0.2505754983793914
0.0052 0.0934933 0.24664416949189438
0.0053 0.093538 0.24585425773070527
0.0054 0.0935363 0.24588436040163
0.0055 0.0936562 0.24374921450064108
