0.0034 0.463273 0.0004986493030888542
0.002 0.043558 0.00020410953097785512
0.0018 0.023621 0.0001518652309088555
0.0038 0.622729 0.0004847036131070203
0.003 0.299154 0.0004578874144197458
0.0002 0.0 0.0
0.0023 0.091574 0.0002884236511175878
0.0033 0.438294 0.0004961777600457321
0.0031 0.341794 0.00047431093342237014
0.0035 0.505359 0.0004999712802941785
0.002 0.043213 0.00020333626491848424
0.0027 0.199281 0.0003994597389462422
0.0044 0.781671 0.0004131119070651438
0.0021 0.054696 0.00022738590014334664
0.0023 0.091717 0.0002886260416369251
0.0026 0.162266 0.00036869465041413334
0.0004 0.0 0.0
0.0046 0.829318 0.00037623085316863635
0.005 0.867164 0.00033939740291286845
0.0036 0.558027 0.0004966214526890678
0.004 0.67838 0.00046709803639064895
0.0024 0.108229 0.0003106694120105808
0.0028 0.22847 0.00041984694723196456
0.0006 3.4e-05 5.830852767820501e-06
0.0025 0.14198 0.0003490296256766752
0.0029 0.269225 0.0004435570982128456
0.0027 0.199013 0.00039925784379395726
0.006 0.920015 0.0002712699758082342
0.006 0.920246 0.0002709119773727252
0.0034 0.463652 0.0004986770727595164
0.003 0.298977 0.00045780973501117247
0.0001 0.0 0.0
0.0042 0.734274 0.000441719020333062
0.0033 0.438187 0.000496164441522163
0.0012 0.002243 4.730717652745723e-05
0.0012 0.002269 4.7579949968447845e-05
0.0037 0.579618 0.0004936202731614657
0.0043 0.757074 0.000428850741545354
0.0032 0.390094 0.00048777112579979556
0.0041 0.713301 0.0004522197291129612
0.004 0.678235 0.0004671533846339979
0.0018 0.0238 0.00015242558840299747
0.0003 0.0 0.0
0.0014 0.005508 7.4011228445419e-05
0.0037 0.580391 0.0004934949717261565
0.0016 0.012329 0.0001103494257302683
0.0026 0.161956 0.00036841044239272044
0.0005 1.4e-05 3.7416311950805626e-06
0.0017 0.017683 0.00013179647761226397
0.0003 0.0 0.0
0.001 0.000699 2.6429366223956262e-05
0.0016 0.012452 0.00011089160336112017
0.0029 0.269881 0.00044389778760318233
0.0044 0.78132 0.0004133510101596463
0.0028 0.228616 0.00041994133464568596
0.0041 0.713738 0.0004520133486480239
0.0004 0.0 0.0
0.0024 0.108265 0.0003107148045636062
0.0032 0.389964 0.00048774181561969855
0.0022 0.072895 0.00025996407246963956
0.005 0.867254 0.0003393000139758323
0.0013 0.003352 5.779934338727387e-05
0.0009 0.000345 1.8570971299315497e-05
0.0001 0.0 0.0
0.0043 0.756355 0.0004292809266377904
0.0014 0.005494 7.391762958861708e-05
0.0011 0.001347 3.667677181814125e-05
0.0048 0.850379 0.00035669953232237355
0.0025 0.141106 0.00034813086155065313
0.0015 0.008025 8.922219104572584e-05
0.0022 0.072913 0.00025999364305882557
0.0042 0.734136 0.00044179218361578104
0.0002 0.0 0.0
0.0019 0.032571 0.00017751092912550483
0.0005 1.3e-05 3.6055278393045307e-06
0.0038 0.621822 0.0004849323667440646
0.0011 0.001365 3.692068221200686e-05
0.0048 0.850165 0.000356909614293311
0.0035 0.505255 0.0004999723842123683
0.0021 0.055028 0.00022803490788912123
0.0007 0.000124 1.113483830147524e-05
0.0036 0.556667 0.0004967784728739763
0.0006 3.3e-05 5.74446786047237e-06
0.0031 0.341245 0.00047412746173892945
0.0039 0.653345 0.0004759047288848893
0.0008 0.00016 1.2648098671341873e-05
0.0019 0.032494 0.00017730803694136372
0.0013 0.003425 5.842319209868629e-05
0.001 0.000698 2.641046754603182e-05
0.0015 0.008052 8.93709421232651e-05
0.0046 0.829423 0.0003761389199099184
0.0017 0.0177 0.00013185867434492126
0.0039 0.654448 0.0004755479106210015
0.0055 0.89925 0.0003009974044738592
0.0047 0.832716 0.00037322923698981567
0.0057 0.909264 0.00028723331684190126
0.0056 0.905633 0.0002923386209706134
0.0051 0.867643 0.0003388784805073936
0.0052 0.88361 0.0003206920140882838
0.0056 0.904687 0.00029364678106698187
0.0049 0.854855 0.0003522469715625671
0.0053 0.893853 0.00030802567164280313
0.0049 0.854955 0.0003521462025565518
0.0058 0.914125 0.0002801793789253592
0.0047 0.83316 0.00037283295777063485
0.0052 0.883257 0.0003211137990666238
0.0053 0.894037 0.0003077902575310012
0.0059 0.916968 0.00027593058361841664
0.0057 0.909862 0.0002863793654507951
0.0051 0.867131 0.0003394330992095497
0.0045 0.80146 0.0003989008252686375
0.0045 0.802459 0.00039814388519604315
0.0059 0.917425 0.00027523874977008594
0.0055 0.899218 0.00030103984532948465
0.0054 0.894593 0.00030707713094758465
0.0058 0.913801 0.0002806576783182673
0.0054 0.89513 0.0003063858402407004