0.0008 2.9e-05 0.0170269254393208
0.0007 1.08e-05 0.010391748841674528
0.0006 3e-06 0.005477146154625599
0.0005 1.02e-05 0.010098994899973856
0.0011 0.0001894 0.04347889895586885
0.0017 0.0018475 0.1346613994754715
0.0015 0.001054 0.10212207806796152
0.0012 0.0002963 0.05435276980268426
0.0014 0.0007366 0.08550876771272847
0.001 0.0001387 0.037216630907130975
0.0019 0.0032298 0.17679047047527888
0.0013 0.0005087 0.0711416016977935
0.0016 0.001451 0.11958040892836165
0.002 0.0041538 0.19953103610374595
0.0009 6.51e-05 0.025506408010083446
0.0018 0.002508 0.15636821304542062
0.0045 0.0798011 0.4014842525786098
0.0046 0.0819059 0.3849694828431245
0.0047 0.0833733 0.37232032355677736
0.0048 0.0843115 0.3636924924262652
0.0049 0.0865092 0.3416254502286795
0.005 0.0873899 0.3319633232732918
0.0051 0.0883089 0.321314365259198
0.0052 0.0887079 0.31649636321599006
0.0053 0.0895847 0.305459074011963
0.0054 0.0900399 0.29946741138182376
0.0055 0.090839 0.2884747668647834
0.0056 0.0913869 0.28055753340719547
0.0057 0.0914185 0.28009081424756554
0.0058 0.0918082 0.27423988857114956
0.0059 0.0920701 0.2702049992315864
0.006 0.0924271 0.26456414827634633
