0.0042 0.584216 0.0004928566377193271
0.0038 0.491953 0.0004999352415973493
0.0034 0.424138 0.0004942114496407383
0.0022 0.171266 0.0003767412337984787
0.0018 0.104168 0.0003054783589323473
0.0048 0.658681 0.0004741522331899324
0.0036 0.457582 0.0004981974641404751
0.0036 0.457732 0.0004982102128379144
0.0044 0.613251 0.00048700535007225535
0.0007 0.007326 8.527795567437109e-05
0.0038 0.492833 0.0004999486314722744
0.0003 0.000604 2.4568988257557537e-05
0.0012 0.034262 0.00018190138909859925
0.0026 0.238832 0.0004263698814128409
0.0042 0.584113 0.0004928742265842271
0.0028 0.284024 0.0004509482979499978
0.0002 0.000197 1.4034286266141219e-05
0.0007 0.007168 8.436006031292296e-05
0.0024 0.213322 0.00040965317564495946
0.0001 2.7e-05 5.19608227417542e-06
0.0004 0.001427 3.774869098392685e-05
0.0016 0.076165 0.000265261932389478
0.0046 0.631381 0.0004824303398823503
0.0048 0.657697 0.00047448040654067054
0.0046 0.632151 0.00048221998423852156
0.0012 0.034261 0.00018189882869056634
0.0009 0.0156 0.00012392191089553132
0.0022 0.171179 0.00037666530230298623
0.0014 0.052867 0.0002237679161787945
0.0006 0.00471 6.846762665669082e-05
0.0044 0.613842 0.00048686753746373355
0.0003 0.000534 2.310226923918947e-05
0.0008 0.010919 0.00010392196802890138
0.0024 0.212061 0.0004087678219711038
0.0002 0.000203 1.4246360622980171e-05
0.0032 0.362167 0.00048062674094457127
0.0018 0.103604 0.00030474614219707524
0.0005 0.002852 5.3327911041029915e-05
0.0016 0.07655 0.0002658760942619701
0.0009 0.015422 0.00012322403140621556
0.0026 0.238686 0.00042628041639746953
0.0014 0.052959 0.00022395165620954895
0.0004 0.001446 3.799880371801197e-05
0.0028 0.284643 0.00045124423824687227
0.0005 0.002954 5.427037759220033e-05
0.0034 0.424927 0.0004943319175119081
0.0006 0.004746 6.872754530754026e-05
0.0008 0.01078 0.00010326563610417553
0.0032 0.362172 0.00048062817480459884
0.0035 0.432509 0.0004954240253752334
0.0009 0.015405 0.00012315715965789404
0.0008 0.011088 0.00010471416454329376
0.0056 0.765031 0.00042397944412317915
0.0049 0.675215 0.0004682944626781316
0.0023 0.187781 0.00039053718906014573
0.0042 0.55761 0.0004966699989932954
0.0013 0.043908 0.00020489042812195987
0.0017 0.088873 0.0002845603448673058
0.0019 0.118141 0.00032277500541243897
0.0028 0.284704 0.00045127334552796266
0.0055 0.742714 0.00043713832387929567
0.0011 0.026521 0.00016067867487317664
0.001  0.020321 0.0001433323232467766
0.0016 0.075295 0.00026386675231070703
0.0046 0.651705 0.0004764300504533693
0.0024 0.201644 0.00040122773740607716
0.0047 0.639465 0.00048015571825710875
0.0029 0.302421 0.0004593065847111273
0.0036 0.455118 0.0004979815318623774
0.0004 0.001414 3.757659649303007e-05
0.0018 0.101955 0.00030258912401968447
0.0007 0.007311 8.519125118813551e-05
0.0059 0.785415 0.00041053413716157636
0.0027 0.269313 0.0004436028719823622
0.0002 0.000188 1.3710020277154954e-05
0.0032 0.371196 0.00048312475571429787
0.0014 0.053459 0.00022494696112417256
0.0054 0.734147 0.0004417863537854016
0.0005 0.002822 5.3047491137658905e-05
0.0012 0.033054 0.0001787776078931587
0.0051 0.720322 0.0004488409699615221
0.0031 0.344122 0.00047508109740969487
0.0022 0.167037 0.00037300890154391757
0.0041 0.556237 0.0004968273340215894
0.0033 0.390299 0.0004878172717309218
0.0025 0.227438 0.00041917771428834333
0.0015 0.064642 0.00024589309025672116
0.0026 0.251264 0.00043374001695024633
0.0057 0.771893 0.0004196119594947217
0.0006 0.004692 6.833728949848685e-05
0.0037 0.47604 0.0004994255884513729
0.0038 0.48993 0.0004998985848149603
0.0021 0.153743 0.0003607022178348783
0.0034 0.41855 0.000493321292364317
0.0048 0.663967 0.00047235031799608223
0.0045 0.619562 0.0004854945191822458
0.0039 0.517263 0.0004997018999673706
0.0053 0.724672 0.0004466794067516433
0.0044 0.602137 0.0004894568757623086
0.0052 0.718405 0.00044977689577722864
0.0058 0.774528 0.0004178927819620722
0.0003 0.000662 2.5720842832224607e-05
0.0043 0.590519 0.0004917380508349949