0.0006 0.0001202 0.03464904611322505
0.0005 5.22e-05 0.022841366809541807
0.0012 0.0017258 0.13023124969137936
0.0008 0.0003361 0.05787665357211861
0.0011 0.0012503 0.11111564848250373
0.0014 0.0033109 0.1789212847366857
0.001 0.0008846 0.09363630199744673
0.0007 0.000213 0.046102768088968654
0.002 0.0121659 0.32689171689902846
0.0013 0.0021932 0.14646162919689518
0.0018 0.0081303 0.27330001259402986
0.0009 0.0005846 0.07623535987866846
0.0017 0.0065877 0.24806709255417644
0.0015 0.0040504 0.1971381871872237
0.0019 0.01017 0.3022535382046029
0.0016 0.0055092 0.22815986411488684
0.0046 0.0841959 0.36477962577859985
0.0047 0.0848476 0.35855906903689655
0.0045 0.0830548 0.3751508502378214
0.0048 0.0858848 0.34817845155068705
0.0049 0.086992 0.3363915973375477
0.005 0.0869564 0.3367826648249036
0.0051 0.0880585 0.3242763681339776
0.0052 0.0885961 0.3178587854900466
0.0053 0.0888927 0.31422267169459217
0.0055 0.089896 0.3013818329478558
0.0054 0.0899239 0.3010121450827382
0.0056 0.090375 0.2949339324086404
0.0057 0.0908827 0.2878551144787373
0.0058 0.0913554 0.2810216505132088
0.0059 0.0916247 0.27701716865478165
0.006 0.0918649 0.27337353480556503
