0.001 0.0041002 0.19829492004808216
0.0015 0.0129107 0.3353184978337686
0.0008 0.0021667 0.14559382647819344
0.0012 0.0068929 0.25333348996304683
0.0006 0.0008495 0.09177605024102636
0.0007 0.0015248 0.12253780441771227
0.0013 0.0085216 0.2792029929966929
0.0019 0.0233336 0.4229544774493941
0.0016 0.0151349 0.3583889069734283
0.0018 0.020329 0.40244668946748446
0.0005 0.000493 0.07004070249290771
0.0011 0.0052929 0.22389187365014188
0.0009 0.0030484 0.17191496531353892
0.0014 0.0104263 0.3056015710419701
0.0017 0.0179544 0.38380737274328036
0.002 0.0256106 0.4364812794151742
0.0046 0.0847149 0.35984399576302684
0.0045 0.084356 0.36327215468111296
0.0048 0.0859456 0.3475507227089376
0.0047 0.0854445 0.35265970331732865
0.0049 0.0869328 0.3370414544428355
0.005 0.0872784 0.3332149462077001
0.0051 0.0880062 0.32488918373651915
0.0052 0.0884047 0.32016871224247434
0.0053 0.0886206 0.31756105933981643
0.0054 0.088954 0.3134624166605729
0.0056 0.0896366 0.30478531286478844
0.0057 0.0902356 0.29683284416273303
0.0055 0.089553 0.3058694372704024
0.0059 0.0903632 0.2950954009422981
0.0058 0.0904413 0.29402416887258076
0.006 0.090827 0.2886445745474708
