0.002 0.065769 0.0002478778704100065
0.0008 0.00073 2.7008648614841876e-05
0.0008 0.000742 2.7229569148262336e-05
0.0006 0.000195 1.3962878463984423e-05
0.0009 0.001296 3.597666443682627e-05
0.0004 1.3e-05 3.6055278393045307e-06
0.0042 0.702088 0.00045734061732586136
0.0023 0.117979 0.0003225832536865483
0.0035 0.475638 0.0004994061402866409
0.0028 0.251551 0.00043390447612233734
0.0037 0.555267 0.0004969361716669456
0.002 0.065779 0.0002478953875307082
0.0026 0.188264 0.00039092283932254455
0.001 0.002417 4.9103544790574944e-05
0.0022 0.095317 0.00029365229355651215
0.0011 0.003944 6.267730740866266e-05
0.0025 0.164114 0.0003703789883403215
0.0035 0.474581 0.0004993534564203998
0.0034 0.454941 0.0004979655475221153
0.0037 0.555753 0.0004968818803206653
0.0029 0.282961 0.000450437645494912
0.0027 0.227579 0.0004192693630102252
0.0036 0.502365 0.0004999944067437156
0.0022 0.095264 0.00029357924024699025
0.0001 0.0 0.0
0.0024 0.141092 0.00034811642813288774
0.0048 0.816418 0.00038714293132640303
0.0005 0.000101 1.004936808958653e-05
0.0032 0.395084 0.000488868727721461
0.0041 0.666603 0.0004714270255203874
0.0046 0.768342 0.00042189165793601565
0.0014 0.012372 0.00011053928539664078
0.0015 0.017028 0.00012937560518119326
0.0013 0.008272 9.057358343358178e-05
0.0039 0.621264 0.00048507220318628856
0.0043 0.716681 0.00045060996908523896
0.0011 0.003927 6.254261483980343e-05
0.005 0.834904 0.00037126716900905745
0.0002 0.0 0.0
0.0031 0.35398 0.00047820305268787236
0.0016 0.023832 0.00015252552499827693
0.0034 0.454697 0.0004979434086229077
0.0018 0.040277 0.00019660814650212234
0.0027 0.227851 0.00041944597005931527
0.0014 0.012622 0.00011163639691426805
0.0032 0.395618 0.0004889830243229308
0.003 0.311738 0.00046320343193460904
0.0019 0.05122 0.00022044616485663795
0.0044 0.739417 0.0004389527310667972
0.0028 0.25189 0.00043409840808277564
0.0044 0.739908 0.00043868456952119936
0.0026 0.188658 0.0003912367046124379
0.0016 0.023709 0.00015214099815302908
0.004 0.65796 0.00047439291563007135
0.0017 0.031701 0.00017520287269048987
0.0038 0.594625 0.0004909644685463501
0.0024 0.141398 0.0003484316369045727
0.0009 0.00137 3.698814810179066e-05
0.0029 0.283289 0.000450595542009683
0.004 0.658186 0.00047431760393643415
0.0036 0.50217 0.000499995291077826
0.0023 0.118172 0.00032281167639352826
0.0046 0.768098 0.0004220467538034146
0.005 0.835521 0.0003707096688231911
0.0033 0.421249 0.0004937593340879745
0.0007 0.000467 2.1605136218038525e-05
0.0038 0.595232 0.0004908470904222618
0.0015 0.016955 0.00012910278066331491
0.0025 0.16342 0.00036974843285671953
0.0005 9.7e-05 9.848380120608668e-06
0.006 0.900107 0.0002998572803034804
0.0006 0.000189 1.3746427863266879e-05
0.0048 0.816092 0.0003874091474604078
0.0041 0.666506 0.00047146129423739547
0.0003 6e-06 2.4494823943029272e-06
0.0033 0.420201 0.0004935910448934421
0.0019 0.05136 0.00022073094572352107
0.003 0.31212 0.0004633585065583668
0.001 0.002467 4.960759932711923e-05
0.006 0.900523 0.00029930139737562207
0.0043 0.716235 0.00045082416170276414
0.0001 0.0 0.0
0.0002 0.0 0.0
0.0017 0.03137 0.00017431558478805042
0.0021 0.078661 0.0002692089283047648
0.0012 0.005917 7.669412696549848e-05
0.0007 0.000449 2.118486249660356e-05
0.0021 0.078091 0.00026831473257911127
0.0013 0.008419 9.136804933345136e-05
0.0039 0.621422 0.0004850326771630959
0.0018 0.040423 0.00019694918398155398
0.0042 0.701062 0.0004577926082365245
0.0012 0.005882 7.646830765748644e-05
0.0031 0.354292 0.00047829821109429205
0.0052 0.846864 0.00036011854368249354
0.0055 0.873015 0.0003329561679485755
0.0047 0.790628 0.00040686037607021896
0.0045 0.766858 0.00042283189075092244
0.0049 0.814539 0.00038867109164304975
0.0047 0.790758 0.00040676748325794185
0.0056 0.88171 0.0003229511973967584
0.0052 0.846827 0.0003601541781945616
0.0045 0.766659 0.00042295741832837027
0.0053 0.856371 0.00035071314540376157
0.0059 0.891079 0.00031154007087211115
0.0053 0.855925 0.00035116576481058055
0.0056 0.880929 0.00032387203793936894
0.0051 0.836149 0.00037014031096193776
0.0049 0.813476 0.000389528942986269
0.0054 0.870125 0.0003361658584315188
0.0054 0.87053 0.00033571940530746804
0.0055 0.873186 0.00033276449540778835
0.0058 0.890481 0.00031228927077150764
0.0057 0.884121 0.00032007976718155735
0.0058 0.89091 0.000311752100073119
0.0051 0.835679 0.0003705666052938392
0.0059 0.890726 0.0003119826804872347
0.0057 0.884317 0.00031984440515819563